A3, FAM, Unknown	Cycles	Fluorescence (R)	
                	1     	1170            	
                	2     	1158            	
                	3     	1142            	
                	4     	1122            	
                	5     	1146            	
                	6     	1128            	
                	7     	1118            	
                	8     	1105            	
                	9     	1118            	
                	10    	1123            	
                	11    	1147            	
                	12    	1131            	
                	13    	1137            	
                	14    	1138            	
                	15    	1129            	
                	16    	1118            	
                	17    	1126            	
                	18    	1121            	
                	19    	1140            	
                	20    	1129            	
                	21    	1124            	
                	22    	1112            	
                	23    	1105            	
                	24    	1097            	
                	25    	1104            	
                	26    	1132            	
                	27    	1161            	
                	28    	1149            	
                	29    	1134            	
                	30    	1131            	
                	31    	1120            	
                	32    	1118            	
                	33    	1110            	
                	34    	1100            	
                	35    	1177            	
                	36    	1166            	
                	37    	1153            	
                	38    	1139            	
                	39    	1136            	
                	40    	1126            	
                	41    	1157            	
                	42    	1152            	
                	43    	1146            	
                	44    	1134            	
                	45    	1126            	
                	46    	1119            	
                	47    	1113            	
                	48    	1113            	
                	49    	1112            	
                	50    	1103            	

B3, FAM, Unknown	Cycles	Fluorescence (R)	
                	1     	1271            	
                	2     	1255            	
                	3     	1277            	
                	4     	1265            	
                	5     	1253            	
                	6     	1256            	
                	7     	1288            	
                	8     	1273            	
                	9     	1265            	
                	10    	1251            	
                	11    	1286            	
                	12    	1290            	
                	13    	1283            	
                	14    	1287            	
                	15    	1270            	
                	16    	1258            	
                	17    	1247            	
                	18    	1251            	
                	19    	1237            	
                	20    	1260            	
                	21    	1251            	
                	22    	1248            	
                	23    	1240            	
                	24    	1302            	
                	25    	1306            	
                	26    	1297            	
                	27    	1290            	
                	28    	1276            	
                	29    	1273            	
                	30    	1275            	
                	31    	1262            	
                	32    	1298            	
                	33    	1290            	
                	34    	1297            	
                	35    	1297            	
                	36    	1287            	
                	37    	1299            	
                	38    	1286            	
                	39    	1281            	
                	40    	1276            	
                	41    	1263            	
                	42    	1258            	
                	43    	1248            	
                	44    	1299            	
                	45    	1291            	
                	46    	1284            	
                	47    	1280            	
                	48    	1277            	
                	49    	1280            	
                	50    	1275            	

C3, FAM, Unknown	Cycles	Fluorescence (R)	
                	1     	1396            	
                	2     	1406            	
                	3     	1413            	
                	4     	1405            	
                	5     	1434            	
                	6     	1425            	
                	7     	1415            	
                	8     	1409            	
                	9     	1399            	
                	10    	1407            	
                	11    	1403            	
                	12    	1410            	
                	13    	1447            	
                	14    	1435            	
                	15    	1429            	
                	16    	1442            	
                	17    	1430            	
                	18    	1476            	
                	19    	1464            	
                	20    	1457            	
                	21    	1447            	
                	22    	1465            	
                	23    	1461            	
                	24    	1457            	
                	25    	1456            	
                	26    	1454            	
                	27    	1450            	
                	28    	1443            	
                	29    	1436            	
                	30    	1621            	
                	31    	1600            	
                	32    	1585            	
                	33    	1577            	
                	34    	1565            	
                	35    	1559            	
                	36    	1541            	
                	37    	1553            	
                	38    	1545            	
                	39    	1543            	
                	40    	1543            	
                	41    	1533            	
                	42    	1518            	
                	43    	1509            	
                	44    	1505            	
                	45    	1564            	
                	46    	1556            	
                	47    	1550            	
                	48    	1543            	
                	49    	1623            	
                	50    	1615            	

D3, FAM, Unknown	Cycles	Fluorescence (R)	
                	1     	1574            	
                	2     	1573            	
                	3     	1576            	
                	4     	1599            	
                	5     	1660            	
                	6     	1630            	
                	7     	1621            	
                	8     	1607            	
                	9     	1595            	
                	10    	1601            	
                	11    	1607            	
                	12    	1612            	
                	13    	1630            	
                	14    	1630            	
                	15    	1622            	
                	16    	1605            	
                	17    	1614            	
                	18    	1602            	
                	19    	1601            	
                	20    	1600            	
                	21    	1603            	
                	22    	1600            	
                	23    	1592            	
                	24    	1619            	
                	25    	1626            	
                	26    	1623            	
                	27    	1614            	
                	28    	1608            	
                	29    	1603            	
                	30    	1599            	
                	31    	1589            	
                	32    	1606            	
                	33    	1614            	
                	34    	1608            	
                	35    	1680            	
                	36    	1668            	
                	37    	1675            	
                	38    	1674            	
                	39    	1670            	
                	40    	1674            	
                	41    	1666            	
                	42    	1658            	
                	43    	1755            	
                	44    	1744            	
                	45    	1743            	
                	46    	1737            	
                	47    	1739            	
                	48    	1733            	
                	49    	1783            	
                	50    	1776            	

E3, FAM, Unknown	Cycles	Fluorescence (R)	
                	1     	1614            	
                	2     	1608            	
                	3     	1598            	
                	4     	1624            	
                	5     	1623            	
                	6     	1623            	
                	7     	1611            	
                	8     	1614            	
                	9     	1604            	
                	10    	1624            	
                	11    	1618            	
                	12    	1613            	
                	13    	1654            	
                	14    	1649            	
                	15    	1653            	
                	16    	1652            	
                	17    	1773            	
                	18    	1751            	
                	19    	1770            	
                	20    	1832            	
                	21    	1817            	
                	22    	1805            	
                	23    	1816            	
                	24    	1804            	
                	25    	1811            	
                	26    	1801            	
                	27    	1803            	
                	28    	1791            	
                	29    	1793            	
                	30    	1783            	
                	31    	1778            	
                	32    	1798            	
                	33    	1796            	
                	34    	1795            	
                	35    	1821            	
                	36    	1822            	
                	37    	1816            	
                	38    	1818            	
                	39    	1820            	
                	40    	1817            	
                	41    	1828            	
                	42    	1928            	
                	43    	1920            	
                	44    	1917            	
                	45    	1906            	
                	46    	1959            	
                	47    	1959            	
                	48    	1959            	
                	49    	1949            	
                	50    	1952            	

F3, FAM, Unknown	Cycles	Fluorescence (R)	
                	1     	1596            	
                	2     	1631            	
                	3     	1630            	
                	4     	1630            	
                	5     	1622            	
                	6     	1619            	
                	7     	1615            	
                	8     	1610            	
                	9     	1623            	
                	10    	1614            	
                	11    	1616            	
                	12    	1631            	
                	13    	1625            	
                	14    	1636            	
                	15    	1632            	
                	16    	1632            	
                	17    	1722            	
                	18    	1715            	
                	19    	1709            	
                	20    	1737            	
                	21    	1731            	
                	22    	1722            	
                	23    	1719            	
                	24    	1711            	
                	25    	1717            	
                	26    	1717            	
                	27    	1721            	
                	28    	1780            	
                	29    	1779            	
                	30    	1777            	
                	31    	1825            	
                	32    	1826            	
                	33    	1816            	
                	34    	1854            	
                	35    	1852            	
                	36    	1856            	
                	37    	2135            	
                	38    	2110            	
                	39    	2089            	
                	40    	2080            	
                	41    	2089            	
                	42    	2081            	
                	43    	2066            	
                	44    	2079            	
                	45    	2071            	
                	46    	2068            	
                	47    	2056            	
                	48    	2057            	
                	49    	2054            	
                	50    	2056            	

G3, FAM, Unknown	Cycles	Fluorescence (R)	
                	1     	1713            	
                	2     	1695            	
                	3     	1716            	
                	4     	1719            	
                	5     	1709            	
                	6     	1702            	
                	7     	1705            	
                	8     	1736            	
                	9     	1739            	
                	10    	1735            	
                	11    	1730            	
                	12    	1743            	
                	13    	1744            	
                	14    	1741            	
                	15    	1738            	
                	16    	1736            	
                	17    	1736            	
                	18    	1743            	
                	19    	1744            	
                	20    	1749            	
                	21    	1779            	
                	22    	1796            	
                	23    	1838            	
                	24    	1836            	
                	25    	1858            	
                	26    	1854            	
                	27    	1951            	
                	28    	1940            	
                	29    	1935            	
                	30    	1956            	
                	31    	1956            	
                	32    	1960            	
                	33    	2044            	
                	34    	2066            	
                	35    	2084            	
                	36    	2091            	
                	37    	2090            	
                	38    	2092            	
                	39    	2091            	
                	40    	2094            	
                	41    	2100            	
                	42    	2186            	
                	43    	2204            	
                	44    	2217            	
                	45    	2219            	
                	46    	2224            	
                	47    	2223            	
                	48    	2294            	
                	49    	2305            	
                	50    	2308            	

H3, FAM, Unknown	Cycles	Fluorescence (R)	
                	1     	1449            	
                	2     	1456            	
                	3     	1447            	
                	4     	1438            	
                	5     	1439            	
                	6     	1455            	
                	7     	1447            	
                	8     	1442            	
                	9     	1468            	
                	10    	1456            	
                	11    	1455            	
                	12    	1457            	
                	13    	1482            	
                	14    	1482            	
                	15    	1478            	
                	16    	1468            	
                	17    	1501            	
                	18    	1502            	
                	19    	1496            	
                	20    	1511            	
                	21    	1508            	
                	22    	1500            	
                	23    	1514            	
                	24    	1514            	
                	25    	1501            	
                	26    	1513            	
                	27    	1536            	
                	28    	1531            	
                	29    	1537            	
                	30    	1532            	
                	31    	1528            	
                	32    	1528            	
                	33    	1516            	
                	34    	1716            	
                	35    	1748            	
                	36    	1730            	
                	37    	1713            	
                	38    	1695            	
                	39    	1693            	
                	40    	1686            	
                	41    	1675            	
                	42    	1670            	
                	43    	1700            	
                	44    	1696            	
                	45    	1694            	
                	46    	1690            	
                	47    	1699            	
                	48    	1747            	
                	49    	1737            	
                	50    	1743            	

