A3, FAM, Unknown	Cycles	Fluorescence (R)	
                	1     	2076            	
                	2     	1848            	
                	3     	1651            	
                	4     	1527            	
                	5     	1451            	
                	6     	1399            	
                	7     	1358            	
                	8     	1334            	
                	9     	1321            	
                	10    	1314            	
                	11    	1299            	
                	12    	1279            	
                	13    	1275            	
                	14    	1263            	
                	15    	1259            	
                	16    	1258            	
                	17    	1272            	
                	18    	1261            	
                	19    	1271            	
                	20    	1264            	
                	21    	1257            	
                	22    	1249            	
                	23    	1240            	
                	24    	2016            	
                	25    	1668            	
                	26    	1541            	
                	27    	1460            	
                	28    	1406            	
                	29    	1366            	
                	30    	1323            	
                	31    	1295            	
                	32    	1273            	
                	33    	1257            	
                	34    	1247            	
                	35    	1228            	
                	36    	1222            	
                	37    	1199            	
                	38    	1192            	
                	39    	1185            	
                	40    	1179            	
                	41    	1187            	
                	42    	1181            	
                	43    	1174            	
                	44    	1156            	
                	45    	1159            	
                	46    	1148            	
                	47    	1167            	
                	48    	1205            	
                	49    	1188            	
                	50    	1173            	

B3, FAM, Unknown	Cycles	Fluorescence (R)	
                	1     	2048            	
                	2     	1839            	
                	3     	1654            	
                	4     	1534            	
                	5     	1457            	
                	6     	1403            	
                	7     	1351            	
                	8     	1324            	
                	9     	1317            	
                	10    	1297            	
                	11    	1291            	
                	12    	1270            	
                	13    	1259            	
                	14    	1273            	
                	15    	1258            	
                	16    	1260            	
                	17    	1256            	
                	18    	1249            	
                	19    	1238            	
                	20    	1233            	
                	21    	1237            	
                	22    	1254            	
                	23    	1241            	
                	24    	1872            	
                	25    	1618            	
                	26    	1529            	
                	27    	1464            	
                	28    	1418            	
                	29    	1384            	
                	30    	1349            	
                	31    	1329            	
                	32    	1316            	
                	33    	1301            	
                	34    	1281            	
                	35    	1277            	
                	36    	1250            	
                	37    	1237            	
                	38    	1250            	
                	39    	1261            	
                	40    	1259            	
                	41    	1250            	
                	42    	1234            	
                	43    	1234            	
                	44    	1233            	
                	45    	1234            	
                	46    	1227            	
                	47    	1227            	
                	48    	1231            	
                	49    	1246            	
                	50    	1257            	

C3, FAM, Unknown	Cycles	Fluorescence (R)	
                	1     	2323            	
                	2     	2081            	
                	3     	1871            	
                	4     	1744            	
                	5     	1654            	
                	6     	1589            	
                	7     	1539            	
                	8     	1509            	
                	9     	1497            	
                	10    	1479            	
                	11    	1460            	
                	12    	1449            	
                	13    	1449            	
                	14    	1442            	
                	15    	1424            	
                	16    	1399            	
                	17    	1429            	
                	18    	1432            	
                	19    	1428            	
                	20    	1417            	
                	21    	1407            	
                	22    	1390            	
                	23    	1391            	
                	24    	2108            	
                	25    	1800            	
                	26    	1694            	
                	27    	1621            	
                	28    	1570            	
                	29    	1531            	
                	30    	1498            	
                	31    	1484            	
                	32    	1473            	
                	33    	1461            	
                	34    	1437            	
                	35    	1429            	
                	36    	1426            	
                	37    	1428            	
                	38    	1422            	
                	39    	1430            	
                	40    	1436            	
                	41    	1422            	
                	42    	1411            	
                	43    	1421            	
                	44    	1422            	
                	45    	1420            	
                	46    	1412            	
                	47    	1395            	
                	48    	1391            	
                	49    	1380            	
                	50    	1378            	

D3, FAM, Unknown	Cycles	Fluorescence (R)	
                	1     	2490            	
                	2     	2256            	
                	3     	2046            	
                	4     	1905            	
                	5     	1812            	
                	6     	1736            	
                	7     	1677            	
                	8     	1652            	
                	9     	1634            	
                	10    	1612            	
                	11    	1596            	
                	12    	1584            	
                	13    	1574            	
                	14    	1570            	
                	15    	1553            	
                	16    	1547            	
                	17    	1546            	
                	18    	1522            	
                	19    	1527            	
                	20    	1533            	
                	21    	1545            	
                	22    	1540            	
                	23    	1537            	
                	24    	2296            	
                	25    	1977            	
                	26    	1863            	
                	27    	1786            	
                	28    	1731            	
                	29    	1680            	
                	30    	1649            	
                	31    	1632            	
                	32    	1621            	
                	33    	1609            	
                	34    	1589            	
                	35    	1572            	
                	36    	1562            	
                	37    	1559            	
                	38    	1549            	
                	39    	1562            	
                	40    	1569            	
                	41    	1554            	
                	42    	1564            	
                	43    	1553            	
                	44    	1535            	
                	45    	1545            	
                	46    	1514            	
                	47    	1521            	
                	48    	1526            	
                	49    	1541            	
                	50    	1544            	

E3, FAM, Unknown	Cycles	Fluorescence (R)	
                	1     	2582            	
                	2     	2341            	
                	3     	2119            	
                	4     	1966            	
                	5     	1865            	
                	6     	1800            	
                	7     	1730            	
                	8     	1693            	
                	9     	1671            	
                	10    	1635            	
                	11    	1623            	
                	12    	1615            	
                	13    	1614            	
                	14    	1608            	
                	15    	1610            	
                	16    	1618            	
                	17    	1601            	
                	18    	1613            	
                	19    	1621            	
                	20    	1610            	
                	21    	1603            	
                	22    	1593            	
                	23    	1588            	
                	24    	2362            	
                	25    	2014            	
                	26    	1888            	
                	27    	1804            	
                	28    	1748            	
                	29    	1701            	
                	30    	1668            	
                	31    	1662            	
                	32    	1644            	
                	33    	1622            	
                	34    	1607            	
                	35    	1591            	
                	36    	1582            	
                	37    	1566            	
                	38    	1557            	
                	39    	1571            	
                	40    	1568            	
                	41    	1561            	
                	42    	1589            	
                	43    	1581            	
                	44    	1595            	
                	45    	1581            	
                	46    	1581            	
                	47    	1591            	
                	48    	1615            	
                	49    	1603            	
                	50    	1626            	

F3, FAM, Unknown	Cycles	Fluorescence (R)	
                	1     	2554            	
                	2     	2290            	
                	3     	2063            	
                	4     	1918            	
                	5     	1816            	
                	6     	1739            	
                	7     	1686            	
                	8     	1655            	
                	9     	1619            	
                	10    	1604            	
                	11    	1590            	
                	12    	1570            	
                	13    	1558            	
                	14    	1534            	
                	15    	1539            	
                	16    	1541            	
                	17    	1545            	
                	18    	1527            	
                	19    	1530            	
                	20    	1548            	
                	21    	1560            	
                	22    	1562            	
                	23    	1550            	
                	24    	2312            	
                	25    	1958            	
                	26    	1837            	
                	27    	1757            	
                	28    	1702            	
                	29    	1663            	
                	30    	1632            	
                	31    	1623            	
                	32    	1614            	
                	33    	1595            	
                	34    	1577            	
                	35    	1579            	
                	36    	1571            	
                	37    	1555            	
                	38    	1553            	
                	39    	1535            	
                	40    	1544            	
                	41    	1535            	
                	42    	1529            	
                	43    	1549            	
                	44    	1561            	
                	45    	1562            	
                	46    	1585            	
                	47    	1578            	
                	48    	1574            	
                	49    	1582            	
                	50    	1595            	

G3, FAM, Unknown	Cycles	Fluorescence (R)	
                	1     	2471            	
                	2     	2264            	
                	3     	2063            	
                	4     	1935            	
                	5     	1835            	
                	6     	1775            	
                	7     	1732            	
                	8     	1694            	
                	9     	1669            	
                	10    	1651            	
                	11    	1638            	
                	12    	1632            	
                	13    	1635            	
                	14    	1617            	
                	15    	1606            	
                	16    	1618            	
                	17    	1615            	
                	18    	1621            	
                	19    	1639            	
                	20    	1628            	
                	21    	1604            	
                	22    	1598            	
                	23    	1583            	
                	24    	2351            	
                	25    	2046            	
                	26    	1937            	
                	27    	1859            	
                	28    	1804            	
                	29    	1766            	
                	30    	1739            	
                	31    	1714            	
                	32    	1706            	
                	33    	1689            	
                	34    	1682            	
                	35    	1674            	
                	36    	1666            	
                	37    	1649            	
                	38    	1641            	
                	39    	1639            	
                	40    	1628            	
                	41    	1631            	
                	42    	1620            	
                	43    	1640            	
                	44    	1638            	
                	45    	1653            	
                	46    	1664            	
                	47    	1681            	
                	48    	1696            	
                	49    	1690            	
                	50    	1692            	

H3, FAM, Unknown	Cycles	Fluorescence (R)	
                	1     	2351            	
                	2     	2121            	
                	3     	1923            	
                	4     	1787            	
                	5     	1692            	
                	6     	1632            	
                	7     	1586            	
                	8     	1553            	
                	9     	1530            	
                	10    	1501            	
                	11    	1483            	
                	12    	1466            	
                	13    	1457            	
                	14    	1448            	
                	15    	1440            	
                	16    	1430            	
                	17    	1446            	
                	18    	1442            	
                	19    	1435            	
                	20    	1434            	
                	21    	1453            	
                	22    	1443            	
                	23    	1434            	
                	24    	2153            	
                	25    	1850            	
                	26    	1743            	
                	27    	1668            	
                	28    	1616            	
                	29    	1573            	
                	30    	1540            	
                	31    	1519            	
                	32    	1496            	
                	33    	1473            	
                	34    	1464            	
                	35    	1448            	
                	36    	1445            	
                	37    	1431            	
                	38    	1427            	
                	39    	1444            	
                	40    	1436            	
                	41    	1448            	
                	42    	1451            	
                	43    	1452            	
                	44    	1464            	
                	45    	1454            	
                	46    	1452            	
                	47    	1446            	
                	48    	1439            	
                	49    	1427            	
                	50    	1434            	

