A3, FAM, Unknown	Cycles	Fluorescence (R)	
                	1     	841             	
                	2     	838             	
                	3     	839             	
                	4     	861             	
                	5     	857             	
                	6     	855             	
                	7     	856             	
                	8     	851             	
                	9     	850             	
                	10    	916             	
                	11    	959             	
                	12    	950             	
                	13    	945             	
                	14    	933             	
                	15    	927             	
                	16    	914             	
                	17    	907             	
                	18    	897             	
                	19    	892             	
                	20    	886             	
                	21    	881             	
                	22    	878             	
                	23    	874             	
                	24    	925             	
                	25    	919             	
                	26    	916             	
                	27    	911             	
                	28    	904             	
                	29    	896             	
                	30    	888             	
                	31    	887             	
                	32    	883             	
                	33    	875             	
                	34    	870             	
                	35    	870             	
                	36    	869             	
                	37    	863             	
                	38    	856             	
                	39    	845             	
                	40    	840             	
                	41    	839             	
                	42    	841             	
                	43    	837             	
                	44    	834             	
                	45    	843             	
                	46    	839             	
                	47    	837             	
                	48    	837             	
                	49    	832             	
                	50    	834             	

B3, FAM, Unknown	Cycles	Fluorescence (R)	
                	1     	1424            	
                	2     	1417            	
                	3     	1410            	
                	4     	1415            	
                	5     	1408            	
                	6     	1404            	
                	7     	1400            	
                	8     	1397            	
                	9     	1430            	
                	10    	1430            	
                	11    	1427            	
                	12    	1420            	
                	13    	1433            	
                	14    	1433            	
                	15    	1456            	
                	16    	1451            	
                	17    	1455            	
                	18    	1441            	
                	19    	1442            	
                	20    	1434            	
                	21    	1455            	
                	22    	1451            	
                	23    	1442            	
                	24    	1555            	
                	25    	1551            	
                	26    	1552            	
                	27    	1546            	
                	28    	1543            	
                	29    	1539            	
                	30    	1572            	
                	31    	1575            	
                	32    	1570            	
                	33    	1564            	
                	34    	1568            	
                	35    	1562            	
                	36    	1561            	
                	37    	1565            	
                	38    	1559            	
                	39    	1561            	
                	40    	1557            	
                	41    	1551            	
                	42    	1610            	
                	43    	1609            	
                	44    	1611            	
                	45    	1607            	
                	46    	1606            	
                	47    	1600            	
                	48    	1601            	
                	49    	1599            	
                	50    	1605            	

C3, FAM, Unknown	Cycles	Fluorescence (R)	
                	1     	1572            	
                	2     	1578            	
                	3     	1585            	
                	4     	1602            	
                	5     	1614            	
                	6     	1616            	
                	7     	1616            	
                	8     	1620            	
                	9     	1614            	
                	10    	1689            	
                	11    	1684            	
                	12    	1673            	
                	13    	1727            	
                	14    	1727            	
                	15    	1721            	
                	16    	1714            	
                	17    	1708            	
                	18    	1704            	
                	19    	1718            	
                	20    	1714            	
                	21    	1708            	
                	22    	1708            	
                	23    	1711            	
                	24    	1717            	
                	25    	1710            	
                	26    	1730            	
                	27    	1781            	
                	28    	1782            	
                	29    	1794            	
                	30    	1793            	
                	31    	1793            	
                	32    	1787            	
                	33    	1788            	
                	34    	1785            	
                	35    	1785            	
                	36    	1791            	
                	37    	1797            	
                	38    	1798            	
                	39    	1870            	
                	40    	1861            	
                	41    	1858            	
                	42    	1850            	
                	43    	1856            	
                	44    	1855            	
                	45    	1861            	
                	46    	2230            	
                	47    	2202            	
                	48    	2177            	
                	49    	2170            	
                	50    	2151            	

D3, FAM, Unknown	Cycles	Fluorescence (R)	
                	1     	1932            	
                	2     	1926            	
                	3     	1915            	
                	4     	1910            	
                	5     	1904            	
                	6     	1899            	
                	7     	1904            	
                	8     	1922            	
                	9     	1915            	
                	10    	1913            	
                	11    	1922            	
                	12    	1901            	
                	13    	1901            	
                	14    	1908            	
                	15    	1899            	
                	16    	1896            	
                	17    	1890            	
                	18    	1886            	
                	19    	1879            	
                	20    	1886            	
                	21    	1883            	
                	22    	1980            	
                	23    	1981            	
                	24    	1975            	
                	25    	1992            	
                	26    	1998            	
                	27    	1993            	
                	28    	1995            	
                	29    	1989            	
                	30    	1990            	
                	31    	1988            	
                	32    	1993            	
                	33    	2000            	
                	34    	2001            	
                	35    	2017            	
                	36    	2006            	
                	37    	2009            	
                	38    	2013            	
                	39    	2032            	
                	40    	2035            	
                	41    	2057            	
                	42    	2052            	
                	43    	2056            	
                	44    	2057            	
                	45    	2055            	
                	46    	2057            	
                	47    	2054            	
                	48    	2064            	
                	49    	2062            	
                	50    	2139            	

E3, FAM, Unknown	Cycles	Fluorescence (R)	
                	1     	2513            	
                	2     	2528            	
                	3     	2532            	
                	4     	2543            	
                	5     	2555            	
                	6     	2564            	
                	7     	2578            	
                	8     	2571            	
                	9     	2733            	
                	10    	2738            	
                	11    	2742            	
                	12    	2729            	
                	13    	2734            	
                	14    	2734            	
                	15    	2741            	
                	16    	2745            	
                	17    	2750            	
                	18    	2753            	
                	19    	2748            	
                	20    	2852            	
                	21    	2866            	
                	22    	2980            	
                	23    	2982            	
                	24    	2979            	
                	25    	2997            	
                	26    	3003            	
                	27    	3049            	
                	28    	3071            	
                	29    	3081            	
                	30    	3086            	
                	31    	3099            	
                	32    	3099            	
                	33    	3111            	
                	34    	3122            	
                	35    	3122            	
                	36    	3122            	
                	37    	3144            	
                	38    	3145            	
                	39    	3161            	
                	40    	3172            	
                	41    	3188            	
                	42    	3191            	
                	43    	3202            	
                	44    	3211            	
                	45    	3242            	
                	46    	3256            	
                	47    	3268            	
                	48    	3290            	
                	49    	3317            	
                	50    	3333            	

F3, FAM, Unknown	Cycles	Fluorescence (R)	
                	1     	2570            	
                	2     	2608            	
                	3     	2619            	
                	4     	2651            	
                	5     	2668            	
                	6     	2685            	
                	7     	2690            	
                	8     	2705            	
                	9     	2712            	
                	10    	3012            	
                	11    	3020            	
                	12    	3035            	
                	13    	3041            	
                	14    	3031            	
                	15    	3039            	
                	16    	3040            	
                	17    	3051            	
                	18    	3060            	
                	19    	3100            	
                	20    	3114            	
                	21    	3115            	
                	22    	3121            	
                	23    	3118            	
                	24    	3127            	
                	25    	3130            	
                	26    	3155            	
                	27    	3514            	
                	28    	3504            	
                	29    	3488            	
                	30    	3460            	
                	31    	3464            	
                	32    	3454            	
                	33    	3471            	
                	34    	3460            	
                	35    	3480            	
                	36    	3508            	
                	37    	3523            	
                	38    	3778            	
                	39    	3786            	
                	40    	3791            	
                	41    	3823            	
                	42    	3830            	
                	43    	3826            	
                	44    	3825            	
                	45    	3823            	
                	46    	3868            	
                	47    	3891            	
                	48    	3905            	
                	49    	3905            	
                	50    	3920            	

G3, FAM, Unknown	Cycles	Fluorescence (R)	
                	1     	3044            	
                	2     	3058            	
                	3     	3079            	
                	4     	3094            	
                	5     	3142            	
                	6     	3155            	
                	7     	3160            	
                	8     	3168            	
                	9     	3275            	
                	10    	3307            	
                	11    	3325            	
                	12    	3324            	
                	13    	3336            	
                	14    	3420            	
                	15    	3433            	
                	16    	3440            	
                	17    	3451            	
                	18    	3454            	
                	19    	3472            	
                	20    	3482            	
                	21    	3481            	
                	22    	3486            	
                	23    	3496            	
                	24    	3502            	
                	25    	3553            	
                	26    	3563            	
                	27    	3578            	
                	28    	3686            	
                	29    	3732            	
                	30    	3752            	
                	31    	3756            	
                	32    	3768            	
                	33    	3884            	
                	34    	3899            	
                	35    	3904            	
                	36    	3910            	
                	37    	3926            	
                	38    	3930            	
                	39    	3944            	
                	40    	3950            	
                	41    	3956            	
                	42    	3968            	
                	43    	3974            	
                	44    	3978            	
                	45    	3982            	
                	46    	4004            	
                	47    	4018            	
                	48    	4030            	
                	49    	4033            	
                	50    	4851            	

H3, FAM, Unknown	Cycles	Fluorescence (R)	
                	1     	2842            	
                	2     	2844            	
                	3     	3016            	
                	4     	3036            	
                	5     	3047            	
                	6     	3047            	
                	7     	3050            	
                	8     	3050            	
                	9     	3055            	
                	10    	3096            	
                	11    	3127            	
                	12    	3123            	
                	13    	3118            	
                	14    	3115            	
                	15    	3114            	
                	16    	3104            	
                	17    	3114            	
                	18    	3116            	
                	19    	3642            	
                	20    	3617            	
                	21    	3661            	
                	22    	3733            	
                	23    	3722            	
                	24    	3714            	
                	25    	3719            	
                	26    	3710            	
                	27    	3707            	
                	28    	3721            	
                	29    	3722            	
                	30    	3722            	
                	31    	3733            	
                	32    	3742            	
                	33    	3739            	
                	34    	3737            	
                	35    	3732            	
                	36    	3766            	
                	37    	3775            	
                	38    	3771            	
                	39    	3790            	
                	40    	3794            	
                	41    	3799            	
                	42    	3800            	
                	43    	3826            	
                	44    	3852            	
                	45    	3861            	
                	46    	3866            	
                	47    	3869            	
                	48    	3866            	
                	49    	3881            	
                	50    	3887            	

