A3, FAM, Unknown	Cycles	Fluorescence (R)	
                	1     	1600            	
                	2     	1487            	
                	3     	1346            	
                	4     	1244            	
                	5     	1171            	
                	6     	1123            	
                	7     	1090            	
                	8     	1066            	
                	9     	1051            	
                	10    	1032            	
                	11    	1014            	
                	12    	1004            	
                	13    	989             	
                	14    	985             	
                	15    	984             	
                	16    	975             	
                	17    	1586            	
                	18    	1323            	
                	19    	1242            	
                	20    	1194            	
                	21    	1160            	
                	22    	1136            	
                	23    	1118            	
                	24    	1096            	
                	25    	1081            	
                	26    	1074            	
                	27    	1056            	
                	28    	1062            	
                	29    	1048            	
                	30    	1035            	
                	31    	1038            	
                	32    	1024            	
                	33    	1016            	
                	34    	1024            	
                	35    	1017            	
                	36    	1017            	
                	37    	1017            	
                	38    	1012            	
                	39    	1005            	
                	40    	998             	
                	41    	1028            	
                	42    	1026            	
                	43    	1048            	
                	44    	1032            	
                	45    	1017            	
                	46    	1005            	
                	47    	1003            	
                	48    	1005            	
                	49    	996             	
                	50    	990             	

B3, FAM, Unknown	Cycles	Fluorescence (R)	
                	1     	1814            	
                	2     	1667            	
                	3     	1514            	
                	4     	1406            	
                	5     	1332            	
                	6     	1272            	
                	7     	1238            	
                	8     	1209            	
                	9     	1185            	
                	10    	1161            	
                	11    	1140            	
                	12    	1127            	
                	13    	1115            	
                	14    	1103            	
                	15    	1096            	
                	16    	1092            	
                	17    	1699            	
                	18    	1395            	
                	19    	1318            	
                	20    	1267            	
                	21    	1239            	
                	22    	1215            	
                	23    	1199            	
                	24    	1185            	
                	25    	1180            	
                	26    	1170            	
                	27    	1155            	
                	28    	1152            	
                	29    	1151            	
                	30    	1151            	
                	31    	1145            	
                	32    	1147            	
                	33    	1152            	
                	34    	1151            	
                	35    	1169            	
                	36    	1167            	
                	37    	1168            	
                	38    	1167            	
                	39    	1190            	
                	40    	1182            	
                	41    	1183            	
                	42    	1204            	
                	43    	1204            	
                	44    	1207            	
                	45    	1199            	
                	46    	1203            	
                	47    	1195            	
                	48    	1189            	
                	49    	1194            	
                	50    	1181            	

C3, FAM, Unknown	Cycles	Fluorescence (R)	
                	1     	2038            	
                	2     	1882            	
                	3     	1710            	
                	4     	1587            	
                	5     	1503            	
                	6     	1438            	
                	7     	1395            	
                	8     	1363            	
                	9     	1331            	
                	10    	1312            	
                	11    	1292            	
                	12    	1284            	
                	13    	1272            	
                	14    	1258            	
                	15    	1258            	
                	16    	1256            	
                	17    	1812            	
                	18    	1501            	
                	19    	1420            	
                	20    	1377            	
                	21    	1345            	
                	22    	1315            	
                	23    	1295            	
                	24    	1284            	
                	25    	1276            	
                	26    	1267            	
                	27    	1263            	
                	28    	1261            	
                	29    	1254            	
                	30    	1249            	
                	31    	1261            	
                	32    	1258            	
                	33    	1252            	
                	34    	1249            	
                	35    	1252            	
                	36    	1274            	
                	37    	1274            	
                	38    	1279            	
                	39    	1282            	
                	40    	1276            	
                	41    	1276            	
                	42    	1307            	
                	43    	1304            	
                	44    	1329            	
                	45    	1322            	
                	46    	1313            	
                	47    	1336            	
                	48    	1338            	
                	49    	1330            	
                	50    	1327            	

D3, FAM, Unknown	Cycles	Fluorescence (R)	
                	1     	2125            	
                	2     	1988            	
                	3     	1823            	
                	4     	1707            	
                	5     	1618            	
                	6     	1554            	
                	7     	1509            	
                	8     	1465            	
                	9     	1436            	
                	10    	1409            	
                	11    	1386            	
                	12    	1372            	
                	13    	1357            	
                	14    	1343            	
                	15    	1329            	
                	16    	1327            	
                	17    	1965            	
                	18    	1662            	
                	19    	1578            	
                	20    	1522            	
                	21    	1481            	
                	22    	1454            	
                	23    	1432            	
                	24    	1419            	
                	25    	1407            	
                	26    	1391            	
                	27    	1380            	
                	28    	1366            	
                	29    	1378            	
                	30    	1368            	
                	31    	1362            	
                	32    	1371            	
                	33    	1374            	
                	34    	1367            	
                	35    	1378            	
                	36    	1388            	
                	37    	1396            	
                	38    	1412            	
                	39    	1420            	
                	40    	1428            	
                	41    	1452            	
                	42    	1441            	
                	43    	1436            	
                	44    	1459            	
                	45    	1468            	
                	46    	1486            	
                	47    	1485            	
                	48    	1487            	
                	49    	1473            	
                	50    	1530            	

E3, FAM, Unknown	Cycles	Fluorescence (R)	
                	1     	2121            	
                	2     	1984            	
                	3     	1820            	
                	4     	1697            	
                	5     	1612            	
                	6     	1546            	
                	7     	1500            	
                	8     	1458            	
                	9     	1431            	
                	10    	1405            	
                	11    	1377            	
                	12    	1357            	
                	13    	1350            	
                	14    	1348            	
                	15    	1350            	
                	16    	1334            	
                	17    	1924            	
                	18    	1658            	
                	19    	1572            	
                	20    	1517            	
                	21    	1475            	
                	22    	1441            	
                	23    	1423            	
                	24    	1412            	
                	25    	1403            	
                	26    	1402            	
                	27    	1386            	
                	28    	1376            	
                	29    	1372            	
                	30    	1378            	
                	31    	1392            	
                	32    	1380            	
                	33    	1385            	
                	34    	1380            	
                	35    	1400            	
                	36    	1411            	
                	37    	1453            	
                	38    	1470            	
                	39    	1491            	
                	40    	1494            	
                	41    	1501            	
                	42    	1508            	
                	43    	1512            	
                	44    	1510            	
                	45    	1500            	
                	46    	1534            	
                	47    	1568            	
                	48    	1578            	
                	49    	1597            	
                	50    	1606            	

F3, FAM, Unknown	Cycles	Fluorescence (R)	
                	1     	2075            	
                	2     	1934            	
                	3     	1766            	
                	4     	1654            	
                	5     	1566            	
                	6     	1505            	
                	7     	1455            	
                	8     	1417            	
                	9     	1386            	
                	10    	1360            	
                	11    	1343            	
                	12    	1318            	
                	13    	1311            	
                	14    	1302            	
                	15    	1294            	
                	16    	1287            	
                	17    	1924            	
                	18    	1638            	
                	19    	1567            	
                	20    	1507            	
                	21    	1467            	
                	22    	1443            	
                	23    	1426            	
                	24    	1423            	
                	25    	1415            	
                	26    	1408            	
                	27    	1398            	
                	28    	1411            	
                	29    	1399            	
                	30    	1419            	
                	31    	1416            	
                	32    	1421            	
                	33    	1421            	
                	34    	1417            	
                	35    	1433            	
                	36    	1445            	
                	37    	1438            	
                	38    	1470            	
                	39    	1478            	
                	40    	1500            	
                	41    	1520            	
                	42    	1574            	
                	43    	1612            	
                	44    	1629            	
                	45    	1658            	
                	46    	1650            	
                	47    	1651            	
                	48    	1685            	
                	49    	1679            	
                	50    	1703            	

G3, FAM, Unknown	Cycles	Fluorescence (R)	
                	1     	2102            	
                	2     	1972            	
                	3     	1823            	
                	4     	1714            	
                	5     	1632            	
                	6     	1577            	
                	7     	1536            	
                	8     	1500            	
                	9     	1468            	
                	10    	1448            	
                	11    	1431            	
                	12    	1418            	
                	13    	1411            	
                	14    	1400            	
                	15    	1392            	
                	16    	1380            	
                	17    	1903            	
                	18    	1633            	
                	19    	1562            	
                	20    	1512            	
                	21    	1485            	
                	22    	1458            	
                	23    	1435            	
                	24    	1427            	
                	25    	1421            	
                	26    	1416            	
                	27    	1411            	
                	28    	1417            	
                	29    	1424            	
                	30    	1438            	
                	31    	1448            	
                	32    	1477            	
                	33    	1489            	
                	34    	1497            	
                	35    	1512            	
                	36    	1519            	
                	37    	1542            	
                	38    	1555            	
                	39    	1557            	
                	40    	1558            	
                	41    	1628            	
                	42    	1683            	
                	43    	1709            	
                	44    	1724            	
                	45    	1741            	
                	46    	1752            	
                	47    	1757            	
                	48    	1767            	
                	49    	1793            	
                	50    	1816            	

H3, FAM, Unknown	Cycles	Fluorescence (R)	
                	1     	1834            	
                	2     	1710            	
                	3     	1570            	
                	4     	1472            	
                	5     	1399            	
                	6     	1344            	
                	7     	1299            	
                	8     	1267            	
                	9     	1240            	
                	10    	1219            	
                	11    	1201            	
                	12    	1179            	
                	13    	1174            	
                	14    	1156            	
                	15    	1159            	
                	16    	1146            	
                	17    	1703            	
                	18    	1440            	
                	19    	1374            	
                	20    	1333            	
                	21    	1304            	
                	22    	1282            	
                	23    	1265            	
                	24    	1255            	
                	25    	1259            	
                	26    	1262            	
                	27    	1266            	
                	28    	1266            	
                	29    	1276            	
                	30    	1288            	
                	31    	1310            	
                	32    	1332            	
                	33    	1335            	
                	34    	1351            	
                	35    	1356            	
                	36    	1373            	
                	37    	1383            	
                	38    	1394            	
                	39    	1425            	
                	40    	1451            	
                	41    	1478            	
                	42    	1508            	
                	43    	1548            	
                	44    	1578            	
                	45    	1595            	
                	46    	1601            	
                	47    	1622            	
                	48    	1625            	
                	49    	1638            	
                	50    	1676            	

