C1, FAM, Unknown	Cycles	Fluorescence (R)	
                	1     	829             	
                	2     	822             	
                	3     	811             	
                	4     	810             	
                	5     	804             	
                	6     	818             	
                	7     	813             	
                	8     	808             	
                	9     	803             	
                	10    	800             	
                	11    	800             	
                	12    	795             	
                	13    	831             	
                	14    	821             	
                	15    	822             	
                	16    	812             	
                	17    	803             	
                	18    	802             	
                	19    	841             	
                	20    	830             	
                	21    	823             	
                	22    	819             	
                	23    	814             	
                	24    	817             	
                	25    	813             	
                	26    	806             	
                	27    	806             	
                	28    	813             	
                	29    	809             	
                	30    	819             	
                	31    	814             	
                	32    	812             	
                	33    	804             	
                	34    	806             	
                	35    	798             	
                	36    	792             	
                	37    	787             	
                	38    	789             	
                	39    	788             	
                	40    	790             	
                	41    	870             	
                	42    	859             	
                	43    	848             	
                	44    	835             	
                	45    	835             	
                	46    	825             	
                	47    	823             	
                	48    	816             	
                	49    	812             	
                	50    	821             	

C3, FAM, Unknown	Cycles	Fluorescence (R)	
                	1     	898             	
                	2     	896             	
                	3     	892             	
                	4     	882             	
                	5     	884             	
                	6     	886             	
                	7     	885             	
                	8     	878             	
                	9     	897             	
                	10    	916             	
                	11    	909             	
                	12    	905             	
                	13    	902             	
                	14    	887             	
                	15    	906             	
                	16    	897             	
                	17    	898             	
                	18    	896             	
                	19    	890             	
                	20    	887             	
                	21    	883             	
                	22    	882             	
                	23    	886             	
                	24    	938             	
                	25    	947             	
                	26    	942             	
                	27    	931             	
                	28    	981             	
                	29    	974             	
                	30    	966             	
                	31    	960             	
                	32    	955             	
                	33    	950             	
                	34    	942             	
                	35    	936             	
                	36    	931             	
                	37    	925             	
                	38    	924             	
                	39    	915             	
                	40    	1018            	
                	41    	1006            	
                	42    	992             	
                	43    	987             	
                	44    	981             	
                	45    	977             	
                	46    	972             	
                	47    	966             	
                	48    	957             	
                	49    	954             	
                	50    	952             	

D1, FAM, Unknown	Cycles	Fluorescence (R)	
                	1     	937             	
                	2     	939             	
                	3     	928             	
                	4     	927             	
                	5     	910             	
                	6     	909             	
                	7     	909             	
                	8     	904             	
                	9     	903             	
                	10    	899             	
                	11    	891             	
                	12    	899             	
                	13    	893             	
                	14    	899             	
                	15    	898             	
                	16    	890             	
                	17    	884             	
                	18    	894             	
                	19    	889             	
                	20    	884             	
                	21    	881             	
                	22    	901             	
                	23    	898             	
                	24    	907             	
                	25    	899             	
                	26    	902             	
                	27    	904             	
                	28    	893             	
                	29    	893             	
                	30    	890             	
                	31    	891             	
                	32    	882             	
                	33    	886             	
                	34    	884             	
                	35    	922             	
                	36    	914             	
                	37    	911             	
                	38    	904             	
                	39    	944             	
                	40    	933             	
                	41    	930             	
                	42    	923             	
                	43    	918             	
                	44    	941             	
                	45    	940             	
                	46    	933             	
                	47    	927             	
                	48    	914             	
                	49    	919             	
                	50    	913             	

D3, FAM, Unknown	Cycles	Fluorescence (R)	
                	1     	984             	
                	2     	1017            	
                	3     	1018            	
                	4     	1021            	
                	5     	1021            	
                	6     	1014            	
                	7     	1009            	
                	8     	1002            	
                	9     	1002            	
                	10    	1005            	
                	11    	1003            	
                	12    	999             	
                	13    	987             	
                	14    	993             	
                	15    	985             	
                	16    	979             	
                	17    	1026            	
                	18    	1027            	
                	19    	1008            	
                	20    	999             	
                	21    	991             	
                	22    	1066            	
                	23    	1054            	
                	24    	1040            	
                	25    	1032            	
                	26    	1039            	
                	27    	1021            	
                	28    	1013            	
                	29    	1004            	
                	30    	1001            	
                	31    	992             	
                	32    	997             	
                	33    	1005            	
                	34    	998             	
                	35    	992             	
                	36    	985             	
                	37    	982             	
                	38    	972             	
                	39    	965             	
                	40    	973             	
                	41    	973             	
                	42    	970             	
                	43    	961             	
                	44    	961             	
                	45    	958             	
                	46    	954             	
                	47    	958             	
                	48    	954             	
                	49    	951             	
                	50    	944             	

E1, FAM, Unknown	Cycles	Fluorescence (R)	
                	1     	1203            	
                	2     	1204            	
                	3     	1213            	
                	4     	1213            	
                	5     	1239            	
                	6     	1252            	
                	7     	1267            	
                	8     	1264            	
                	9     	1262            	
                	10    	1267            	
                	11    	1273            	
                	12    	1328            	
                	13    	1327            	
                	14    	1337            	
                	15    	1430            	
                	16    	1424            	
                	17    	1466            	
                	18    	1461            	
                	19    	1455            	
                	20    	1451            	
                	21    	1445            	
                	22    	1456            	
                	23    	1450            	
                	24    	1448            	
                	25    	1451            	
                	26    	1445            	
                	27    	1516            	
                	28    	1569            	
                	29    	1569            	
                	30    	1567            	
                	31    	1567            	
                	32    	1568            	
                	33    	1570            	
                	34    	1655            	
                	35    	1638            	
                	36    	1631            	
                	37    	1666            	
                	38    	1665            	
                	39    	1663            	
                	40    	1661            	
                	41    	1664            	
                	42    	1658            	
                	43    	1657            	
                	44    	1652            	
                	45    	1894            	
                	46    	1885            	
                	47    	1874            	
                	48    	1869            	
                	49    	1865            	
                	50    	1858            	

E3, FAM, Unknown	Cycles	Fluorescence (R)	
                	1     	1471            	
                	2     	1461            	
                	3     	1474            	
                	4     	1477            	
                	5     	1478            	
                	6     	1468            	
                	7     	1472            	
                	8     	1502            	
                	9     	1545            	
                	10    	1552            	
                	11    	1554            	
                	12    	1544            	
                	13    	1539            	
                	14    	1532            	
                	15    	1538            	
                	16    	1537            	
                	17    	1546            	
                	18    	1594            	
                	19    	1588            	
                	20    	1587            	
                	21    	1638            	
                	22    	1643            	
                	23    	1632            	
                	24    	1672            	
                	25    	1682            	
                	26    	1689            	
                	27    	1685            	
                	28    	1686            	
                	29    	1683            	
                	30    	1681            	
                	31    	1686            	
                	32    	1681            	
                	33    	1707            	
                	34    	1732            	
                	35    	1734            	
                	36    	1746            	
                	37    	1744            	
                	38    	1759            	
                	39    	1758            	
                	40    	1768            	
                	41    	1778            	
                	42    	1783            	
                	43    	1783            	
                	44    	1788            	
                	45    	1792            	
                	46    	1784            	
                	47    	1820            	
                	48    	1821            	
                	49    	1833            	
                	50    	1849            	

F1, FAM, Unknown	Cycles	Fluorescence (R)	
                	1     	2051            	
                	2     	2057            	
                	3     	2073            	
                	4     	2082            	
                	5     	2102            	
                	6     	2325            	
                	7     	2338            	
                	8     	2356            	
                	9     	2364            	
                	10    	2375            	
                	11    	2403            	
                	12    	2431            	
                	13    	2441            	
                	14    	2476            	
                	15    	2532            	
                	16    	2556            	
                	17    	2589            	
                	18    	2617            	
                	19    	2643            	
                	20    	2942            	
                	21    	2942            	
                	22    	2950            	
                	23    	2975            	
                	24    	2995            	
                	25    	3010            	
                	26    	3040            	
                	27    	3020            	
                	28    	3034            	
                	29    	3047            	
                	30    	3052            	
                	31    	3068            	
                	32    	3078            	
                	33    	3132            	
                	34    	3146            	
                	35    	3208            	
                	36    	3202            	
                	37    	3501            	
                	38    	3523            	
                	39    	3538            	
                	40    	3553            	
                	41    	3566            	
                	42    	3628            	
                	43    	3661            	
                	44    	3730            	
                	45    	3752            	
                	46    	3755            	
                	47    	3773            	
                	48    	3777            	
                	49    	3825            	
                	50    	3838            	

F3, FAM, Unknown	Cycles	Fluorescence (R)	
                	1     	2267            	
                	2     	2289            	
                	3     	2331            	
                	4     	2356            	
                	5     	2380            	
                	6     	2532            	
                	7     	2528            	
                	8     	2575            	
                	9     	2606            	
                	10    	2627            	
                	11    	2647            	
                	12    	2703            	
                	13    	2788            	
                	14    	2811            	
                	15    	2832            	
                	16    	2871            	
                	17    	2896            	
                	18    	2904            	
                	19    	2928            	
                	20    	2947            	
                	21    	2977            	
                	22    	2999            	
                	23    	3064            	
                	24    	3200            	
                	25    	3217            	
                	26    	3241            	
                	27    	3272            	
                	28    	3307            	
                	29    	3397            	
                	30    	3412            	
                	31    	3426            	
                	32    	3454            	
                	33    	3769            	
                	34    	3768            	
                	35    	3846            	
                	36    	3862            	
                	37    	3865            	
                	38    	3872            	
                	39    	3875            	
                	40    	3898            	
                	41    	3907            	
                	42    	3918            	
                	43    	3913            	
                	44    	3985            	
                	45    	3991            	
                	46    	4022            	
                	47    	4026            	
                	48    	4037            	
                	49    	4090            	
                	50    	4099            	

G3, FAM, Unknown	Cycles	Fluorescence (R)	
                	1     	1251            	
                	2     	1253            	
                	3     	1255            	
                	4     	1246            	
                	5     	1249            	
                	6     	1258            	
                	7     	1249            	
                	8     	1249            	
                	9     	1244            	
                	10    	1247            	
                	11    	1280            	
                	12    	1313            	
                	13    	1312            	
                	14    	1304            	
                	15    	1318            	
                	16    	1315            	
                	17    	1354            	
                	18    	1370            	
                	19    	1370            	
                	20    	1368            	
                	21    	1364            	
                	22    	1356            	
                	23    	1353            	
                	24    	1416            	
                	25    	1407            	
                	26    	1405            	
                	27    	1397            	
                	28    	1390            	
                	29    	1391            	
                	30    	1392            	
                	31    	1489            	
                	32    	1484            	
                	33    	1477            	
                	34    	1472            	
                	35    	1489            	
                	36    	1478            	
                	37    	1471            	
                	38    	1472            	
                	39    	1469            	
                	40    	1472            	
                	41    	1460            	
                	42    	1461            	
                	43    	1477            	
                	44    	1476            	
                	45    	1475            	
                	46    	1473            	
                	47    	1465            	
                	48    	1465            	
                	49    	1475            	
                	50    	1482            	

