A3, FAM, Unknown	Cycles	Fluorescence (R)	
                	1     	1308            	
                	2     	1160            	
                	3     	1052            	
                	4     	987             	
                	5     	942             	
                	6     	923             	
                	7     	906             	
                	8     	888             	
                	9     	869             	
                	10    	860             	
                	11    	854             	
                	12    	844             	
                	13    	839             	
                	14    	840             	
                	15    	832             	
                	16    	828             	
                	17    	1321            	
                	18    	1139            	
                	19    	1066            	
                	20    	1020            	
                	21    	987             	
                	22    	961             	
                	23    	942             	
                	24    	928             	
                	25    	911             	
                	26    	901             	
                	27    	885             	
                	28    	881             	
                	29    	874             	
                	30    	863             	
                	31    	850             	
                	32    	859             	
                	33    	849             	
                	34    	855             	
                	35    	859             	
                	36    	865             	
                	37    	858             	
                	38    	852             	
                	39    	855             	
                	40    	849             	
                	41    	844             	
                	42    	835             	
                	43    	827             	
                	44    	826             	
                	45    	833             	
                	46    	833             	
                	47    	820             	
                	48    	816             	
                	49    	805             	
                	50    	798             	

B3, FAM, Unknown	Cycles	Fluorescence (R)	
                	1     	1376            	
                	2     	1245            	
                	3     	1145            	
                	4     	1080            	
                	5     	1038            	
                	6     	1009            	
                	7     	988             	
                	8     	992             	
                	9     	988             	
                	10    	989             	
                	11    	971             	
                	12    	967             	
                	13    	963             	
                	14    	963             	
                	15    	962             	
                	16    	973             	
                	17    	1545            	
                	18    	1332            	
                	19    	1261            	
                	20    	1217            	
                	21    	1182            	
                	22    	1167            	
                	23    	1149            	
                	24    	1137            	
                	25    	1128            	
                	26    	1123            	
                	27    	1109            	
                	28    	1114            	
                	29    	1125            	
                	30    	1114            	
                	31    	1130            	
                	32    	1128            	
                	33    	1125            	
                	34    	1118            	
                	35    	1121            	
                	36    	1127            	
                	37    	1141            	
                	38    	1156            	
                	39    	1180            	
                	40    	1191            	
                	41    	1216            	
                	42    	1211            	
                	43    	1201            	
                	44    	1214            	
                	45    	1214            	
                	46    	1225            	
                	47    	1219            	
                	48    	1222            	
                	49    	1237            	
                	50    	1237            	

C3, FAM, Unknown	Cycles	Fluorescence (R)	
                	1     	1513            	
                	2     	1374            	
                	3     	1266            	
                	4     	1194            	
                	5     	1148            	
                	6     	1116            	
                	7     	1108            	
                	8     	1107            	
                	9     	1108            	
                	10    	1091            	
                	11    	1087            	
                	12    	1084            	
                	13    	1087            	
                	14    	1088            	
                	15    	1113            	
                	16    	1124            	
                	17    	1786            	
                	18    	1544            	
                	19    	1468            	
                	20    	1426            	
                	21    	1407            	
                	22    	1410            	
                	23    	1414            	
                	24    	1423            	
                	25    	1443            	
                	26    	1461            	
                	27    	1474            	
                	28    	1501            	
                	29    	1524            	
                	30    	1582            	
                	31    	1598            	
                	32    	1623            	
                	33    	1668            	
                	34    	1702            	
                	35    	1739            	
                	36    	1764            	
                	37    	1789            	
                	38    	1832            	
                	39    	1886            	
                	40    	1925            	
                	41    	1983            	
                	42    	2049            	
                	43    	2085            	
                	44    	2190            	
                	45    	2247            	
                	46    	2270            	
                	47    	2297            	
                	48    	2328            	
                	49    	2409            	
                	50    	2442            	

D3, FAM, Unknown	Cycles	Fluorescence (R)	
                	1     	1670            	
                	2     	1521            	
                	3     	1402            	
                	4     	1346            	
                	5     	1285            	
                	6     	1256            	
                	7     	1249            	
                	8     	1245            	
                	9     	1239            	
                	10    	1230            	
                	11    	1227            	
                	12    	1242            	
                	13    	1238            	
                	14    	1231            	
                	15    	1228            	
                	16    	1256            	
                	17    	2047            	
                	18    	1782            	
                	19    	1698            	
                	20    	1664            	
                	21    	1626            	
                	22    	1617            	
                	23    	1613            	
                	24    	1627            	
                	25    	1641            	
                	26    	1668            	
                	27    	1704            	
                	28    	1721            	
                	29    	1744            	
                	30    	1778            	
                	31    	1845            	
                	32    	1874            	
                	33    	1934            	
                	34    	1992            	
                	35    	2040            	
                	36    	2120            	
                	37    	2172            	
                	38    	2229            	
                	39    	2291            	
                	40    	2313            	
                	41    	2386            	
                	42    	2438            	
                	43    	2516            	
                	44    	2561            	
                	45    	2621            	
                	46    	2658            	
                	47    	2808            	
                	48    	2841            	
                	49    	2894            	
                	50    	2954            	

E3, FAM, Unknown	Cycles	Fluorescence (R)	
                	1     	1640            	
                	2     	1501            	
                	3     	1393            	
                	4     	1318            	
                	5     	1273            	
                	6     	1244            	
                	7     	1227            	
                	8     	1235            	
                	9     	1240            	
                	10    	1243            	
                	11    	1242            	
                	12    	1255            	
                	13    	1259            	
                	14    	1258            	
                	15    	1272            	
                	16    	1269            	
                	17    	1976            	
                	18    	1700            	
                	19    	1623            	
                	20    	1585            	
                	21    	1573            	
                	22    	1577            	
                	23    	1595            	
                	24    	1622            	
                	25    	1642            	
                	26    	1683            	
                	27    	1716            	
                	28    	1759            	
                	29    	1798            	
                	30    	1837            	
                	31    	1883            	
                	32    	1952            	
                	33    	2001            	
                	34    	2048            	
                	35    	2080            	
                	36    	2172            	
                	37    	2259            	
                	38    	2291            	
                	39    	2313            	
                	40    	2361            	
                	41    	2408            	
                	42    	2489            	
                	43    	2526            	
                	44    	2616            	
                	45    	2649            	
                	46    	2705            	
                	47    	2824            	
                	48    	2872            	
                	49    	2999            	
                	50    	3068            	

F3, FAM, Unknown	Cycles	Fluorescence (R)	
                	1     	1579            	
                	2     	1445            	
                	3     	1337            	
                	4     	1262            	
                	5     	1218            	
                	6     	1194            	
                	7     	1176            	
                	8     	1184            	
                	9     	1184            	
                	10    	1173            	
                	11    	1180            	
                	12    	1177            	
                	13    	1178            	
                	14    	1183            	
                	15    	1197            	
                	16    	1194            	
                	17    	1909            	
                	18    	1623            	
                	19    	1541            	
                	20    	1511            	
                	21    	1496            	
                	22    	1502            	
                	23    	1515            	
                	24    	1531            	
                	25    	1567            	
                	26    	1609            	
                	27    	1633            	
                	28    	1667            	
                	29    	1732            	
                	30    	1755            	
                	31    	1808            	
                	32    	1860            	
                	33    	1925            	
                	34    	1988            	
                	35    	2034            	
                	36    	2074            	
                	37    	2101            	
                	38    	2133            	
                	39    	2177            	
                	40    	2245            	
                	41    	2328            	
                	42    	2405            	
                	43    	2440            	
                	44    	2481            	
                	45    	2518            	
                	46    	2541            	
                	47    	2561            	
                	48    	2596            	
                	49    	2742            	
                	50    	2769            	

G3, FAM, Unknown	Cycles	Fluorescence (R)	
                	1     	1513            	
                	2     	1396            	
                	3     	1296            	
                	4     	1236            	
                	5     	1202            	
                	6     	1179            	
                	7     	1170            	
                	8     	1197            	
                	9     	1199            	
                	10    	1195            	
                	11    	1194            	
                	12    	1197            	
                	13    	1202            	
                	14    	1206            	
                	15    	1215            	
                	16    	1228            	
                	17    	1856            	
                	18    	1599            	
                	19    	1539            	
                	20    	1517            	
                	21    	1505            	
                	22    	1505            	
                	23    	1509            	
                	24    	1521            	
                	25    	1540            	
                	26    	1551            	
                	27    	1584            	
                	28    	1616            	
                	29    	1638            	
                	30    	1691            	
                	31    	1720            	
                	32    	1750            	
                	33    	1773            	
                	34    	1820            	
                	35    	1886            	
                	36    	1928            	
                	37    	1950            	
                	38    	1998            	
                	39    	2078            	
                	40    	2114            	
                	41    	2158            	
                	42    	2182            	
                	43    	2186            	
                	44    	2263            	
                	45    	2291            	
                	46    	2308            	
                	47    	2342            	
                	48    	2385            	
                	49    	2409            	
                	50    	2473            	

H3, FAM, Unknown	Cycles	Fluorescence (R)	
                	1     	1440            	
                	2     	1327            	
                	3     	1226            	
                	4     	1159            	
                	5     	1120            	
                	6     	1089            	
                	7     	1078            	
                	8     	1090            	
                	9     	1076            	
                	10    	1068            	
                	11    	1061            	
                	12    	1067            	
                	13    	1066            	
                	14    	1064            	
                	15    	1074            	
                	16    	1070            	
                	17    	1688            	
                	18    	1480            	
                	19    	1431            	
                	20    	1406            	
                	21    	1402            	
                	22    	1404            	
                	23    	1402            	
                	24    	1414            	
                	25    	1425            	
                	26    	1441            	
                	27    	1465            	
                	28    	1492            	
                	29    	1519            	
                	30    	1535            	
                	31    	1555            	
                	32    	1598            	
                	33    	1642            	
                	34    	1659            	
                	35    	1712            	
                	36    	1742            	
                	37    	1778            	
                	38    	1851            	
                	39    	1920            	
                	40    	1961            	
                	41    	1997            	
                	42    	2019            	
                	43    	2041            	
                	44    	2099            	
                	45    	2143            	
                	46    	2157            	
                	47    	2219            	
                	48    	2254            	
                	49    	2297            	
                	50    	2322            	

