A3, FAM, Unknown	Cycles	Fluorescence (R)	
                	1     	980             	
                	2     	968             	
                	3     	994             	
                	4     	990             	
                	5     	981             	
                	6     	971             	
                	7     	968             	
                	8     	961             	
                	9     	958             	
                	10    	949             	
                	11    	941             	
                	12    	925             	
                	13    	966             	
                	14    	1016            	
                	15    	1003            	
                	16    	993             	
                	17    	976             	
                	18    	970             	
                	19    	958             	
                	20    	913             	
                	21    	902             	
                	22    	893             	
                	23    	886             	
                	24    	891             	
                	25    	882             	
                	26    	886             	
                	27    	880             	
                	28    	874             	
                	29    	868             	
                	30    	862             	
                	31    	860             	
                	32    	851             	
                	33    	903             	
                	34    	903             	
                	35    	903             	
                	36    	894             	
                	37    	890             	
                	38    	882             	
                	39    	876             	
                	40    	866             	
                	41    	862             	
                	42    	872             	
                	43    	865             	
                	44    	859             	
                	45    	855             	
                	46    	855             	
                	47    	853             	
                	48    	849             	
                	49    	840             	
                	50    	841             	

B3, FAM, Unknown	Cycles	Fluorescence (R)	
                	1     	1195            	
                	2     	1189            	
                	3     	1178            	
                	4     	1168            	
                	5     	1218            	
                	6     	1210            	
                	7     	1207            	
                	8     	1217            	
                	9     	1251            	
                	10    	1250            	
                	11    	1301            	
                	12    	1293            	
                	13    	1275            	
                	14    	1274            	
                	15    	1328            	
                	16    	1317            	
                	17    	1312            	
                	18    	1307            	
                	19    	1302            	
                	20    	1298            	
                	21    	1294            	
                	22    	1286            	
                	23    	1279            	
                	24    	1279            	
                	25    	1272            	
                	26    	1275            	
                	27    	1307            	
                	28    	1348            	
                	29    	1338            	
                	30    	1334            	
                	31    	1333            	
                	32    	1336            	
                	33    	1336            	
                	34    	1337            	
                	35    	1379            	
                	36    	1373            	
                	37    	1382            	
                	38    	1375            	
                	39    	1370            	
                	40    	1368            	
                	41    	1364            	
                	42    	1391            	
                	43    	1390            	
                	44    	1383            	
                	45    	1394            	
                	46    	1399            	
                	47    	1400            	
                	48    	1396            	
                	49    	1398            	
                	50    	1396            	

C3, FAM, Unknown	Cycles	Fluorescence (R)	
                	1     	1315            	
                	2     	1312            	
                	3     	1309            	
                	4     	1308            	
                	5     	1315            	
                	6     	1304            	
                	7     	1371            	
                	8     	1367            	
                	9     	1375            	
                	10    	1381            	
                	11    	1376            	
                	12    	1370            	
                	13    	1376            	
                	14    	1479            	
                	15    	1480            	
                	16    	1470            	
                	17    	1460            	
                	18    	1449            	
                	19    	1443            	
                	20    	1475            	
                	21    	1474            	
                	22    	1481            	
                	23    	1474            	
                	24    	1475            	
                	25    	1551            	
                	26    	1543            	
                	27    	1538            	
                	28    	1540            	
                	29    	1532            	
                	30    	1530            	
                	31    	1528            	
                	32    	1521            	
                	33    	1520            	
                	34    	1532            	
                	35    	1530            	
                	36    	1527            	
                	37    	1523            	
                	38    	1514            	
                	39    	1515            	
                	40    	1509            	
                	41    	1504            	
                	42    	1511            	
                	43    	1509            	
                	44    	1502            	
                	45    	1550            	
                	46    	1551            	
                	47    	1545            	
                	48    	1539            	
                	49    	1533            	
                	50    	1538            	

D3, FAM, Unknown	Cycles	Fluorescence (R)	
                	1     	1529            	
                	2     	1523            	
                	3     	1547            	
                	4     	1551            	
                	5     	1554            	
                	6     	1573            	
                	7     	1569            	
                	8     	1550            	
                	9     	1544            	
                	10    	1553            	
                	11    	1556            	
                	12    	1562            	
                	13    	1599            	
                	14    	1605            	
                	15    	1603            	
                	16    	1598            	
                	17    	1589            	
                	18    	1584            	
                	19    	1582            	
                	20    	1583            	
                	21    	1577            	
                	22    	1621            	
                	23    	1605            	
                	24    	1599            	
                	25    	1591            	
                	26    	1777            	
                	27    	1773            	
                	28    	1755            	
                	29    	1745            	
                	30    	1732            	
                	31    	1823            	
                	32    	1809            	
                	33    	1806            	
                	34    	1788            	
                	35    	1773            	
                	36    	1775            	
                	37    	1783            	
                	38    	1776            	
                	39    	1767            	
                	40    	1759            	
                	41    	1832            	
                	42    	1826            	
                	43    	1819            	
                	44    	1813            	
                	45    	1805            	
                	46    	1792            	
                	47    	1798            	
                	48    	1789            	
                	49    	1792            	
                	50    	1962            	

E3, FAM, Unknown	Cycles	Fluorescence (R)	
                	1     	1675            	
                	2     	1681            	
                	3     	1711            	
                	4     	1712            	
                	5     	1721            	
                	6     	1732            	
                	7     	1731            	
                	8     	1731            	
                	9     	1727            	
                	10    	1725            	
                	11    	1727            	
                	12    	1748            	
                	13    	1754            	
                	14    	1762            	
                	15    	1769            	
                	16    	1777            	
                	17    	1785            	
                	18    	1825            	
                	19    	1821            	
                	20    	1841            	
                	21    	1846            	
                	22    	1950            	
                	23    	1981            	
                	24    	1978            	
                	25    	1983            	
                	26    	1984            	
                	27    	2025            	
                	28    	2031            	
                	29    	2052            	
                	30    	2055            	
                	31    	2075            	
                	32    	2136            	
                	33    	2136            	
                	34    	2154            	
                	35    	2161            	
                	36    	2184            	
                	37    	2184            	
                	38    	2192            	
                	39    	2195            	
                	40    	2200            	
                	41    	2208            	
                	42    	2318            	
                	43    	2335            	
                	44    	2361            	
                	45    	2502            	
                	46    	2508            	
                	47    	2509            	
                	48    	2507            	
                	49    	2505            	
                	50    	2511            	

F3, FAM, Unknown	Cycles	Fluorescence (R)	
                	1     	1806            	
                	2     	1820            	
                	3     	1853            	
                	4     	1841            	
                	5     	1837            	
                	6     	1826            	
                	7     	1825            	
                	8     	1833            	
                	9     	1840            	
                	10    	1873            	
                	11    	1878            	
                	12    	1881            	
                	13    	1986            	
                	14    	2023            	
                	15    	2017            	
                	16    	2021            	
                	17    	2024            	
                	18    	2025            	
                	19    	2030            	
                	20    	2043            	
                	21    	2072            	
                	22    	2082            	
                	23    	2090            	
                	24    	2104            	
                	25    	2139            	
                	26    	2150            	
                	27    	2155            	
                	28    	2164            	
                	29    	2166            	
                	30    	2172            	
                	31    	2274            	
                	32    	2276            	
                	33    	2449            	
                	34    	2437            	
                	35    	2451            	
                	36    	2455            	
                	37    	2453            	
                	38    	2448            	
                	39    	2443            	
                	40    	2445            	
                	41    	2446            	
                	42    	2449            	
                	43    	2458            	
                	44    	2469            	
                	45    	2474            	
                	46    	2539            	
                	47    	2566            	
                	48    	2588            	
                	49    	2595            	
                	50    	2616            	

G3, FAM, Unknown	Cycles	Fluorescence (R)	
                	1     	1829            	
                	2     	1853            	
                	3     	1889            	
                	4     	1900            	
                	5     	1972            	
                	6     	1977            	
                	7     	1985            	
                	8     	1987            	
                	9     	1999            	
                	10    	1999            	
                	11    	2028            	
                	12    	2044            	
                	13    	2051            	
                	14    	2248            	
                	15    	2263            	
                	16    	2281            	
                	17    	2285            	
                	18    	2286            	
                	19    	2294            	
                	20    	2299            	
                	21    	2299            	
                	22    	2312            	
                	23    	2358            	
                	24    	2390            	
                	25    	2414            	
                	26    	2463            	
                	27    	2478            	
                	28    	2497            	
                	29    	2602            	
                	30    	2635            	
                	31    	2643            	
                	32    	2684            	
                	33    	2702            	
                	34    	2707            	
                	35    	2709            	
                	36    	2719            	
                	37    	2731            	
                	38    	2733            	
                	39    	2743            	
                	40    	2757            	
                	41    	2927            	
                	42    	2943            	
                	43    	2948            	
                	44    	2954            	
                	45    	2985            	
                	46    	2990            	
                	47    	2999            	
                	48    	3002            	
                	49    	3004            	
                	50    	3015            	

H3, FAM, Unknown	Cycles	Fluorescence (R)	
                	1     	1694            	
                	2     	1739            	
                	3     	1759            	
                	4     	1779            	
                	5     	1844            	
                	6     	1853            	
                	7     	1880            	
                	8     	1888            	
                	9     	1902            	
                	10    	2020            	
                	11    	2020            	
                	12    	2047            	
                	13    	2053            	
                	14    	2088            	
                	15    	2087            	
                	16    	2089            	
                	17    	2098            	
                	18    	2144            	
                	19    	2159            	
                	20    	2165            	
                	21    	2173            	
                	22    	2273            	
                	23    	2424            	
                	24    	2432            	
                	25    	2427            	
                	26    	2434            	
                	27    	2430            	
                	28    	2427            	
                	29    	2472            	
                	30    	2502            	
                	31    	2505            	
                	32    	2508            	
                	33    	2517            	
                	34    	2526            	
                	35    	2526            	
                	36    	2541            	
                	37    	2548            	
                	38    	2557            	
                	39    	2555            	
                	40    	2551            	
                	41    	2556            	
                	42    	2594            	
                	43    	2606            	
                	44    	2612            	
                	45    	2608            	
                	46    	2638            	
                	47    	2642            	
                	48    	2803            	
                	49    	2809            	
                	50    	2845            	

